1.375504924771447282e-09
1.689335202438308209e-09
2.074891922314252344e-09
2.548474568538770847e-09
3.130134346714031599e-09
3.844555644679511090e-09
4.722149185665875288e-09
5.800113276689120959e-09
7.123996694564905964e-09
8.750325459348786300e-09
1.074798350666323205e-08
1.320143315619677077e-08
1.621542676011356296e-08
1.991758127314133694e-08
2.446513235349457938e-08
3.005051855238271041e-08
3.691209140921782871e-08
4.534051143514096366e-08
5.569290797167928625e-08
6.841063454911479572e-08
8.403254845538759405e-08
1.032239348326187069e-07
1.267970840523259706e-07
1.557565540030246023e-07
1.913297583990768490e-07
2.350291084950036467e-07
2.887097163467803423e-07
3.546536496954684363e-07
4.356615998028869151e-07
5.351728023935952402e-07
6.574209163462354184e-07
8.075936758813034082e-07
9.920794713506472487e-07
1.218703171132870289e-06
1.497114316193215497e-06
1.839130076210571480e-06
2.259289140263046618e-06
2.775443296853180786e-06
3.409541637787599907e-06
4.188565094492375828e-06
5.145601773193256382e-06
6.321341759132990432e-06
7.765754532621776460e-06
9.540256139947827520e-06
1.172026951133884228e-05
1.439850777801182408e-05
1.768879298629919122e-05
2.173106065159606626e-05
2.669719244807432088e-05
3.279832035772292729e-05
4.029388051975056595e-05
4.950264768458429088e-05
6.081622743483664487e-05
7.471572616251838676e-05
9.179226589118463070e-05
1.127722584761367178e-04
1.385478976838235021e-04
1.702163035840593107e-04
2.091248085983197700e-04
2.569280776408847870e-04
3.156596975091734473e-04
3.878180174814053810e-04
4.764735695994195956e-04
5.853979409398750401e-04
7.192253973303292143e-04
8.836506191753241155e-04
1.085669527689506718e-03
1.333879249752584987e-03
1.638841709789110338e-03
2.013534353283698720e-03
2.473903843094150869e-03
3.039543896908717020e-03
3.734533642602015386e-03
4.588476151653371471e-03
5.637702360978827203e-03
6.926877863029281407e-03
8.510883642658942025e-03
1.045715229616025511e-02
1.284854638823920876e-02
1.578687757450444526e-02
1.939725326602259950e-02
2.383340631853866909e-02
2.928422498586269115e-02
3.598201172193547098e-02
4.421195087288956604e-02
5.432452382243906086e-02
6.675041001707336663e-02
8.201899785085618733e-02
1.007807150283257236e-01
1.238352183800809636e-01
1.521657443371386698e-01
1.869795062355775750e-01
2.297612051724253757e-01
2.823359410910547540e-01
3.469500417505426704e-01
4.263595553676383099e-01
5.239552589232852053e-01
6.438994777062717612e-01
7.912901355216384047e-01
9.807794751621525808e-01
