7.742163417505024067e-21
1.233725182501236232e-20
1.965855528520285786e-20
3.132888634979521615e-20
4.993231811510763354e-20
7.957984157266217011e-20
1.268358762216426743e-19
2.021697969919816903e-19
3.222386467594673337e-19
5.136362300842806806e-19
8.187997905992496221e-19
1.305322343347502329e-18
2.080993751287954008e-18
3.317746982448743351e-18
5.289515116816971711e-18
8.433418061774789036e-18
1.344632454530886880e-17
2.143909388531547405e-17
3.418584918163404119e-17
5.451369818209284368e-17
8.693055930469347427e-17
1.386277021825776223e-16
2.210721108484700216e-16
3.525557002016617284e-16
5.622489698963752347e-16
8.966811842045422374e-16
1.430101512870687741e-15
2.280980658422774106e-15
3.638158260652514437e-15
5.802938801158113877e-15
9.256000755058481010e-15
1.476391750891555129e-14
2.354992783458881656e-14
3.756494112111499491e-14
5.991847871612064197e-14
9.551246048431789667e-14
1.522673180220750869e-13
2.427432876553407356e-13
3.869996007914125112e-13
6.170042962667614868e-13
9.837231515288129126e-13
1.568539568003052527e-12
2.501097577578941677e-12
3.988332535204767349e-12
6.360085294429223248e-12
1.014251836462907500e-11
1.617525931863348678e-11
2.579629824890337303e-11
4.114202984538789945e-11
6.562013606108814413e-11
1.046625269159195160e-10
1.669483909168073287e-10
2.663027705967133955e-10
4.248038743961049195e-10
6.776657327718154392e-10
1.081048011929211144e-09
1.724627609864759250e-09
2.751391653142217669e-09
4.389666185279715740e-09
7.003760122022565304e-09
1.117475997924358045e-08
1.783047616262203194e-08
2.845109945269249661e-08
4.539839524102817247e-08
7.244411327712605536e-08
1.156020920622872110e-07
1.844833986124932956e-07
2.944196683635101437e-07
4.698748534708377558e-07
7.499142405093672842e-07
1.196855727080180082e-06
1.910240220384434097e-06
3.048981014500405785e-06
4.866723753756341561e-06
7.768483091680989926e-06
1.240050228130611116e-05
1.979486005543749637e-05
3.159946304043651270e-05
5.044541044481251217e-05
8.053488211277304277e-05
1.285753050815664495e-04
2.052772514999651611e-04
3.277453188962309825e-04
5.233004758570879806e-04
8.355622971944606445e-04
1.334194512718722431e-03
2.130435232048282033e-03
3.402033574325771456e-03
5.432765981016472907e-03
8.675914427426080489e-03
1.385559447470932626e-02
2.212830335309412533e-02
3.534114480855144597e-02
5.644569808056267013e-02
9.015528996986717225e-02
1.440040436395490231e-01
2.300325048604544287e-01
3.674961655571812313e-01
5.871629936144189266e-01
9.567905505885194728e-01
