2.193396611877851681e-04
2.387781360005073069e-04
2.599388768781949778e-04
2.829756816343986445e-04
3.080551819773166291e-04
3.353586973829103817e-04
3.650808303380457653e-04
3.974391504185626704e-04
4.326642528367290142e-04
4.710115249978624784e-04
5.127566751921810908e-04
5.582034891711998119e-04
6.076809965144123115e-04
6.615432083620076658e-04
7.201802661383274740e-04
7.840153885646777149e-04
8.535084734382737204e-04
9.291604261664381317e-04
1.011521701795745683e-03
1.101183736959395788e-03
1.198795830024867093e-03
1.305065628360039783e-03
1.420756194283615470e-03
1.546703297536041995e-03
1.683815426857256537e-03
1.833087682278396928e-03
1.995593359940953278e-03
2.172507221096407846e-03
2.365107688868185124e-03
2.574782639632693885e-03
2.803047004631975710e-03
3.051556008131648973e-03
3.322100322071873651e-03
3.616629276739837320e-03
3.937274138499134192e-03
4.286353572991452587e-03
4.666387158564944300e-03
5.080110955374040824e-03
5.530537530510575006e-03
6.020892794184593000e-03
6.554733130528651343e-03
7.135914491215544948e-03
7.768640911066959989e-03
8.457468625356399580e-03
9.207374083672338963e-03
1.002379019467409572e-02
1.091261446138439700e-02
1.188025551972288728e-02
1.293371403297423339e-02
1.408063626810624087e-02
1.532927915177605648e-02
1.668866252930865587e-02
1.816859766187516045e-02
1.977978454300378941e-02
2.153387769402136456e-02
2.344353846335713379e-02
2.552255159992138783e-02
2.778596309103997797e-02
3.025012555684566257e-02
3.293281651690856127e-02
3.585343459637247571e-02
3.903310597810637217e-02
4.249477930662041991e-02
4.626345487999757033e-02
5.036643451112401276e-02
5.483330633172529833e-02
5.969656913222155803e-02
6.499116802689276773e-02
7.075541388391848319e-02
7.703096782477970861e-02
8.386315576944584904e-02
9.130145275373860447e-02
9.939956689359348563e-02
1.082161498459764670e-01
1.178149329251718530e-01
1.282654159897057833e-01
1.396432351517993276e-01
1.520308428475004026e-01
1.655183764681615322e-01
1.802031152230816891e-01
1.961919068470920902e-01
2.136004407826488927e-01
2.325553489951726338e-01
2.531943830441348298e-01
2.756675265141202980e-01
3.001387191763073004e-01
3.267858988302677625e-01
3.558036331830005672e-01
3.874037599626054540e-01
4.218167530833750734e-01
4.592942433015571035e-01
5.001099018087278303e-01
5.445617348138089842e-01
5.929737896992119950e-01
6.456980412435472383e-01
7.031164886826479776e-01
7.656424233237292265e-01
8.337217528065923311e-01
9.078339486033972783e-01
9.920185160841971106e-01
