6.391412386844330599e-44
1.729212479973574826e-43
4.685886507137570366e-43
1.268365337425125948e-42
3.433691113688878534e-42
9.310367727740622304e-42
2.521625970008439212e-41
6.831762153036957301e-41
1.853582411051266758e-40
5.022289888472009936e-40
1.361369874036452983e-39
3.694493279675573106e-39
1.001681561732964062e-38
2.717756231245118769e-38
7.376421971148610586e-38
2.001497005462496160e-37
5.436634660221541174e-37
1.475369039905850434e-36
4.004981806326732104e-36
1.088133666262635806e-35
2.954691878352603321e-35
8.030174141602374668e-35
2.181525334157588871e-34
5.926667238604683660e-34
1.611444108998142328e-33
4.380098529329198154e-33
1.191127409653672570e-32
3.238407928477934757e-32
8.804881520843472453e-32
2.395457155156604013e-31
6.515449358777785395e-31
1.773217059121633455e-30
4.824817647290093013e-30
1.313197884968225527e-29
3.574631271388839866e-29
9.728277565533018866e-29
2.649431410111413820e-28
7.212942946726641738e-28
1.964583025367371886e-27
5.351267725201826751e-27
1.457777963634867861e-26
3.972224524032979364e-26
1.082110755634905403e-25
2.949861704575670935e-25
8.038255481673326441e-25
2.191226574131725403e-24
5.973737662507688441e-24
1.628827735595743412e-23
4.442077016813757012e-23
1.211323655170979310e-22
3.304890003151710067e-22
9.013412464989235716e-22
2.459392748313519453e-21
6.710435657428626861e-21
1.831156778644153352e-20
4.997988471631229762e-20
1.364052457477391224e-19
3.724666521770068532e-19
1.016796773407905945e-18
2.776535949741833860e-18
7.583006370994853216e-18
2.070941738920401600e-17
5.657517900417459975e-17
1.545274949388492537e-16
4.222303752058577314e-16
1.153839241190243755e-15
3.153039842622516491e-15
8.619469534027106229e-15
2.355836107005977621e-14
6.440568032458831331e-14
1.761098902301067638e-13
4.815162566843689901e-13
1.316902867096516658e-12
3.602395010985672240e-12
9.853683287136168923e-12
2.695770012566357919e-11
7.377185417606554042e-11
2.018591474653119649e-10
5.524316078105711644e-10
1.512202177293375495e-09
4.140013728135335473e-09
1.133536017517787411e-08
3.103879021420840213e-08
8.500537905855670870e-08
2.328266552937795508e-07
6.375651446096974105e-07
1.745944217394775878e-06
4.782040167012469842e-06
1.310076373459427402e-05
3.589622382137948369e-05
9.837173025859031659e-05
2.696842183208971832e-04
7.393972972441766826e-04
2.028012076409456063e-03
5.563303253313111284e-03
1.526497136041101918e-02
4.189617043863661655e-02
1.150295546830310683e-01
3.161907087080780276e-01
9.090062642446852248e-01
