2.255520852392941503e-04
2.454881976843806702e-04
2.671867352420174827e-04
2.908037096954851734e-04
3.165111918314901518e-04
3.444930961666921461e-04
3.749491009661429079e-04
4.080991344594373286e-04
4.441795217427441729e-04
4.834508014380278816e-04
5.261955426132877700e-04
5.727195032057674903e-04
6.233605377251321029e-04
6.784813075543920944e-04
7.384847653345058115e-04
8.037971451838719526e-04
8.748868226012285199e-04
9.522656202549111167e-04
1.036489326382387293e-03
1.128164669924104982e-03
1.227959264479241280e-03
1.336594987396113416e-03
1.454847245053785855e-03
1.583563036558900076e-03
1.723674266547716967e-03
1.876181005336795878e-03
2.042209414710230691e-03
2.222952176103955898e-03
2.419696283320610288e-03
2.633860694211905430e-03
2.866989685216835004e-03
3.120300004744478144e-03
3.395859761144647947e-03
3.695794788864983395e-03
4.022225564766725506e-03
4.377493068590655387e-03
4.764202546354236525e-03
5.185137184070535109e-03
5.643271078514589846e-03
6.141891284508995373e-03
6.684733304852714247e-03
7.275566342525780980e-03
7.918628203083106359e-03
8.618719925093241974e-03
9.380760437293777718e-03
1.021018146868522304e-02
1.111324191874188752e-02
1.209619463838414524e-02
1.316620988365122501e-02
1.433115481176976472e-02
1.559917180360695724e-02
1.697984589313296030e-02
1.848270015253518708e-02
2.011900874565714092e-02
2.190029010181301569e-02
2.383971151243537145e-02
2.594916508971319841e-02
2.824285678127987087e-02
3.073922864963905821e-02
3.345617076497602732e-02
3.641310316151380455e-02
3.963130111140642647e-02
4.313366245783425978e-02
4.694542546841166258e-02
5.109373163719006100e-02
5.560839383895883892e-02
6.052156307161591503e-02
6.586851038676475034e-02
7.168762858697670659e-02
7.801984160449716710e-02
8.491108944505951217e-02
9.241047475235233954e-02
1.005714436504767662e-01
1.094523911363618346e-01
1.191165564380915753e-01
1.296331201409680611e-01
1.410775791348922170e-01
1.535305817116663918e-01
1.670822899229188752e-01
1.818290391178938592e-01
1.978765833065009583e-01
2.153395112722442939e-01
2.343432886216424427e-01
2.550235043082527131e-01
2.775293212688746403e-01
3.020221256864446535e-01
3.286781909618277653e-01
3.576900269744456851e-01
3.892672809677963919e-01
4.236375622295108778e-01
4.610509691394790721e-01
5.017785400656480377e-01
5.461164760087685588e-01
5.943869169475826109e-01
6.469418708665276574e-01
7.041627630013601591e-01
7.664639810398907738e-01
8.342956362069154919e-01
9.081428754650753277e-01
9.920407157701354173e-01
