-5.500000000000000000e+00 9.290512839502059750e-01 1.043720014540544250e-01
-5.387755102040816091e+00 9.277258235742166237e-01 1.141364875767847953e-01
-5.275510204081633070e+00 9.262102137896567333e-01 1.253554437003559785e-01
-5.163265306122449161e+00 9.242658753128865090e-01 1.383188917862127887e-01
-5.051020408163265252e+00 9.215918209363922475e-01 1.533306493470762977e-01
-4.938775510204081343e+00 9.180956139089276880e-01 1.707840791823377335e-01
-4.826530612244898322e+00 9.139670179098802194e-01 1.912422626796460856e-01
-4.714285714285714413e+00 9.092540498293688600e-01 2.157046830864615683e-01
-4.602040816326530503e+00 9.030185475105841908e-01 2.455731269712184417e-01
-4.489795918367347483e+00 8.929387103679969906e-01 2.825656373164340818e-01
-4.377551020408163573e+00 8.751305224056552534e-01 3.283425189166305214e-01
-4.265306122448979664e+00 8.463088063116001036e-01 3.843722806483369503e-01
-4.153061224489795755e+00 8.058718165811287193e-01 4.515162194428924969e-01
-4.040816326530611846e+00 7.570360287631252572e-01 5.261429520686877748e-01
-3.928571428571428825e+00 7.081445531661786363e-01 5.700866945950920917e-01
-3.816326530612244916e+00 6.649581864558545830e-01 5.439470289539750647e-01
-3.704081632653061007e+00 6.546782011557894521e-01 4.796458800615705509e-01
-3.591836734693877542e+00 6.146848817865969705e-01 4.296557910632924360e-01
-3.479591836734694077e+00 6.194563846649387973e-01 4.380090343893894844e-01
-3.367346938775510168e+00 6.095663835999600710e-01 4.690199855435642218e-01
-3.255102040816326703e+00 6.003111395601061773e-01 4.867596205284063782e-01
-3.142857142857142794e+00 5.911507775943032339e-01 4.654425810686770859e-01
-3.030612244897959329e+00 5.807181748449360414e-01 4.336020896130833302e-01
-2.918367346938775420e+00 5.741498804665955413e-01 4.443484126508015497e-01
-2.806122448979591955e+00 5.660116228401216310e-01 4.900208377149399830e-01
-2.693877551020408045e+00 5.455333863999138888e-01 5.107866769506707039e-01
-2.581632653061224580e+00 5.342637819949208611e-01 5.194342684307449165e-01
-2.469387755102040671e+00 5.935645879389245261e-01 5.689040832634792988e-01
-2.357142857142857206e+00 7.611666497498885686e-01 6.651495055254522670e-01
-2.244897959183673297e+00 9.474330136029153193e-01 7.585783557537113531e-01
-2.132653061224489832e+00 9.948509163522741838e-01 8.272433003584056532e-01
-2.020408163265305923e+00 9.080137018846270447e-01 8.634103136569789561e-01
-1.908163265306122458e+00 8.431677673439171850e-01 8.802227216470359661e-01
-1.795918367346938993e+00 8.689220085879477695e-01 8.828278727473655163e-01
-1.683673469387755084e+00 9.116016667011492824e-01 8.628206502188182636e-01
-1.571428571428571619e+00 9.167922490941711189e-01 8.361490018230571808e-01
-1.459183673469388154e+00 9.379007522476134895e-01 7.836059160551372971e-01
-1.346938775510204245e+00 9.829950326434507835e-01 7.296993810328553653e-01
-1.234693877551020336e+00 9.920088934629421873e-01 6.605446514523933832e-01
-1.122448979591836427e+00 1.000000000000000000e+00 5.679384763277832704e-01
-1.010204081632653406e+00 9.898371925828373108e-01 4.499960951774544249e-01
-8.979591836734694965e-01 8.285793924945613620e-01 3.013467015153291073e-01
-7.857142857142855874e-01 8.279872253254502157e-01 3.175662142810044553e-01
-6.734693877551016783e-01 1.228369231924427263e+00 5.542207695951668622e-01
-5.612244897959186574e-01 6.320912026246271465e-01 5.252814172920524660e-01
-4.489795918367347483e-01 3.038332116923727622e-01 4.470297603127985075e-01
-3.367346938775508391e-01 3.166178260574109560e-01 5.172588252885280680e-01
-2.244897959183669300e-01 3.388689014524813858e-01 4.528040546138636935e-01
-1.122448979591839091e-01 3.543838314638757536e-01 4.464554952649578690e-01
0.000000000000000000e+00 3.360896601226827651e-01 5.518608683262281600e-01
