-5.500000000000000000e+00 9.903373817582635796e-01 1.088689217599101700e-01
-5.387755102040816091e+00 9.889077741232488172e-01 1.191439731236776101e-01
-5.275510204081633070e+00 9.871747978835021531e-01 1.308830955779141658e-01
-5.163265306122449161e+00 9.850491323612489136e-01 1.443807270579302027e-01
-5.051020408163265252e+00 9.824037799921048197e-01 1.600097821582982249e-01
-4.938775510204081343e+00 9.790581354613157039e-01 1.782457874023718192e-01
-4.826530612244898322e+00 9.747716604901586201e-01 1.997028921249580091e-01
-4.714285714285714413e+00 9.692337151893503089e-01 2.252038358664412432e-01
-4.602040816326530503e+00 9.618986592553206982e-01 2.559062259836044628e-01
-4.489795918367347483e+00 9.513787829079471958e-01 2.934110117267226814e-01
-4.377551020408163573e+00 9.345347289877109498e-01 3.396102067963630566e-01
-4.265306122448979664e+00 9.066780743955581423e-01 3.960963459103316597e-01
-4.153061224489795755e+00 8.646829256352920323e-01 4.629932359638203598e-01
-4.040816326530611846e+00 8.117015950067206775e-01 5.344336395572766296e-01
-3.928571428571428825e+00 7.580477029467814765e-01 5.705626992686573251e-01
-3.816326530612244916e+00 7.149970454710962153e-01 5.367547481960748268e-01
-3.704081632653061007e+00 6.867239186872141632e-01 4.791756263677122707e-01
-3.591836734693877542e+00 6.693772902754113741e-01 4.393786561741659380e-01
-3.479591836734694077e+00 6.577583827028267160e-01 4.395956177525057185e-01
-3.367346938775510168e+00 6.493449268890446602e-01 4.577857931547044124e-01
-3.255102040816326703e+00 6.423235151326607273e-01 4.659825933286886879e-01
-3.142857142857142794e+00 6.357420991079802963e-01 4.579814922480445194e-01
-3.030612244897959329e+00 6.308876786320338770e-01 4.466432638222165852e-01
-2.918367346938775420e+00 6.310014797021978872e-01 4.434989984860931433e-01
-2.806122448979591955e+00 6.436050172161742466e-01 4.596703120629908601e-01
-2.693877551020408045e+00 6.794029514413314486e-01 5.052262088690714359e-01
-2.581632653061224580e+00 7.422422262677290661e-01 5.702002716722422981e-01
-2.469387755102040671e+00 8.167370860190648063e-01 6.362945827666639520e-01
-2.357142857142857206e+00 8.766786522526565095e-01 6.928463276317793351e-01
-2.244897959183673297e+00 9.098421253238762052e-01 7.350892434550534427e-01
-2.132653061224489832e+00 9.253139586206626799e-01 7.631920939728846776e-01
-2.020408163265305923e+00 9.376363678073222907e-01 7.820886731377058032e-01
-1.908163265306122458e+00 9.519053970884823190e-01 7.948449101185698362e-01
-1.795918367346938993e+00 9.674297424070994467e-01 8.010176169175728944e-01
-1.683673469387755084e+00 9.828765354086386186e-01 7.977085443833520362e-01
-1.571428571428571619e+00 9.988948255698251177e-01 7.817599239156743929e-01
-1.459183673469388154e+00 1.016303322012867438e+00 7.534596842843406250e-01
-1.346938775510204245e+00 1.037965458689207088e+00 7.102013410559557816e-01
-1.234693877551020336e+00 1.063536813858145802e+00 6.462342053406046061e-01
-1.122448979591836427e+00 1.089253357844440551e+00 5.576188826817866095e-01
-1.010204081632653406e+00 1.101099493943256125e+00 4.406886190404529779e-01
-8.979591836734694965e-01 1.311724348465164391e+00 2.972831823971537890e-01
-7.857142857142855874e-01 1.491073217873907897e+00 2.779657111880588505e-01
-6.734693877551016783e-01 2.499269200010426406e+00 5.076379018579662006e-01
-5.612244897959186574e-01 6.139410535347464837e+00 4.458358302395998285e-01
-4.489795918367347483e-01 1.128751134156472062e+02 4.253342881546758880e-01
-3.367346938775508391e-01 7.267310403963593899e+02 -2.912458119751736366e-02
-2.244897959183669300e-01 1.440144738785587833e+03 -2.410636176419787280e-01
-1.122448979591839091e-01 2.095302928405641524e+03 3.212077721080833226e-01
0.000000000000000000e+00 2.187932307543987463e+03 -8.529507150391200943e-02
